#Jfx3dViewerApp session properties
#Sat Aug 12 08:02:57 PDT 2023
cameraFarClip=10000.0
cameraNearClip=1.0
cameraPosition.z=-8.61077880859375
settingsSplitPanePosition=0.99658203125
